000000000000000000000000000000000000000000000000000000000000000111111111
000000000000000000000000000000000000000000000000000000000000000111111111
000000000000000000000000000000000000000000000000000000000000000111111111
000000000000000000000000000000000000000000000000000000000000000111111111
000000000000000000000000000000000000000000000000000000000000000111111111
000000000000000000000000000000000000000000000000000000000000000111111111
000000000000000000000000000000000000000000000000000000000000000111111111
000000000000000000000000000000000000000000000000000000000000000111111111
000000000000000000000000000000000000000000000000000000000000000111111111
000000000000000000000000000000000000000000000000000000000000000111111111
000000000000000000000000000000000000000000000000000000000000000111111111
000000000000000000000000000000000000000000000000000000000000000111111111
000000000000000000000000000000000000000000000000000000000000000111111111
000000000000000000000000000000000000000000000000000000000000000111111111
000000000000000000000000000000000000000000000000000000000000000111111111
000000000000000000000000000000000000000000000000000000000000000111111111
000000000000000000000000000000000000000000000000000000000000000111111111
000000000000000000000000000000000000000000000000000000000000000111111111
000000000000000000000000000000000000000000000000000000000000000111111111
000000000000000000000000000000000000000000000000000000000000000111111111
000000000000000000000000000000000000000000000000000000000000000111111111
000000000000000000000000000000000000000000000000000000000000000111111111
000000000000000000000000000000000000000000000000000000000000000111111111
000000000000000000000000000000000000000000000000000000000000000111111111
000000000000000000000000000000000000000000000000000000000000000111111111
000000000000000000000000000000000000000000000000000000000000000111111111
000000000000000000000000000000000000000000000000000000000000000111111111
000000000000000000000000000000000000000000000000000000000000000111111111
000000000000000000000000000000000000000000000000000000000000000111111111
000000000000000000000000000000000000000000000000000000000000000111111111
000000000000000000000000000000000000000000000000000000000000000111111111
000000000000000000000000000000000000000000000000000000000000000111111111
000000000000000000000000000000000000000000000000000000000000000111111111
000000000000000000000000000000000000000000000000000000000000000111111111
000000000000000000000000000000000000000000000000000000000000000111111111
000000000000000000000000000000000000000000000000000000000000000111111111
000000000000000000000000000000000000000000000000000000000000000111111111
000000000000000000000000000000000000000000000000000000000000000111111111
000000000000000000000000000000000000000000000000000000000000000111111111
000000000000000000000000000000000000000000000000000000000000000111111111
000000000000000000000000000000000000000000000000000000000000000111111111
000000000000000000000000000000000000000000000000000000000000000111111111
000000000000000000000000000000000000000000000000000000000000000111111111
000000000000000000000000000000000000000000000000000000000000000111111111
000000000000000000000000000000000000000000000000000000000000000111111111
000000000000000000000000000000000000000000000000000000000000000111111111
000000000000000000000000000000000000000000000000000000000000000111111111
000000000000000000000000000000000000000000000000000000000000000111111111
